0,0
1,1
2,1
3,2
4,3
5,4
6,5
7,6
8,7
9,8
10,9
11,10
12,11
13,12
14,13
15,14
16,15
17,16
18,17
19,18
20,19
21,20
22,21
23,22
24,23
25,24
26,25
27,26
28,27
29,28
30,28
31,28
32,2
33,29
34,30
35,31
36,32
37,33
38,34
39,35
40,36
41,37
42,38
43,39
44,40
45,41
46,42
47,43
48,44
49,45
50,46
51,47
52,48
53,49
54,50
55,51
56,52
57,53
58,54
59,55
60,56
61,57
62,58
63,59
64,60
65,61
66,62
67,63
68,64
69,65
70,66
71,67
72,68
73,69
74,70
75,71
76,72
77,73
78,74
79,75
80,76
81,77
82,78
83,79
84,80
85,81
86,82
87,83
88,84
89,85
90,86
91,87
92,88
93,89
94,90
95,91
96,92
97,93
98,94
99,95
100,96
101,97
102,98
103,99
104,100
105,101
106,102
107,103
108,104
109,105
110,106
111,107
112,108
113,109
114,110
115,111
116,112
117,113
118,114
119,115
120,116
121,117
122,118
123,119
124,120
125,121
126,122
127,123
128,124
129,125
130,126
131,127
132,128
133,129
134,130
135,131
136,132
137,133
138,134
139,135
140,136
141,137
142,138
143,139
144,140
145,141
146,142
147,143
148,144
149,145
150,146
151,147
152,148
153,149
154,150
155,151
156,152
157,153
158,154
159,155
160,156
161,157
162,158
163,159
164,160
165,161
166,162
167,163
168,164
169,165
170,166
171,167
172,168
173,169
174,170
175,171
176,172
177,173
178,174
179,175
180,176
181,177
182,178
183,179
184,180
185,181
186,182
187,183
188,184
189,185
190,186
191,187
192,188
193,189
194,190
195,191
196,192
197,193
198,194
199,195
200,196
201,197
202,198
203,199
204,200
205,201
206,202
207,203
208,204
209,205
210,206
211,207
212,208
213,209
214,210
215,211
216,212
217,213
218,214
219,215
220,216
221,217
222,218
223,219
224,220
225,221
226,222
227,223
228,224
229,225
230,226
231,227
232,228
233,229
234,230
235,231
236,232
237,233
238,234
239,235
240,236
241,237
242,238
243,239
244,240
245,241
246,242
247,243
248,244
249,245
250,246
251,247
252,248
253,249
254,250
255,251
256,252
257,253
258,254
259,255
260,256
261,257
262,258
263,259
264,260
265,261
266,262
267,263
268,264
269,265
270,266
271,267
272,268
273,269
274,270
275,271
276,272
277,273
278,274
279,275
280,276
281,277
282,278
283,279
284,280
285,281
286,282
287,283
288,284
289,285
290,286
291,287
292,288
293,289
294,290
295,291
296,292
297,293
298,294
299,295
300,296
301,297
302,298
303,299
304,300
305,301
306,302
307,303
308,304
309,305
310,306
311,307
312,308
313,309
314,310
315,311
316,312
317,313
318,314
319,315
320,316
321,317
322,318
323,319
324,320
325,321
326,322
327,323
328,324
329,325
330,326
331,327
332,328
333,329
334,330
335,331
336,332
337,333
338,334
339,335
340,336
341,337
342,338
343,339
344,340
345,341
346,342
347,343
348,344
349,345
350,346
351,347
352,348
353,349
354,350
355,351
356,352
357,353
358,354
359,355
360,356
361,357
362,358
363,359
364,360
365,361
366,362
367,363
368,364
369,365
370,366
371,367
372,368
373,369
374,370
375,371
376,372
377,373
378,374
379,375
380,376
381,377
382,378
383,379
384,380
385,381
386,382
387,383
388,384
389,385
390,386
391,387
392,388
393,389
394,390
395,391
396,392
397,393
398,394
399,395
400,396
401,397
402,398
403,399
404,400
405,401
406,402
407,403
408,404
409,405
410,406
411,407
412,408
413,409
414,410
415,411
416,412
417,413
418,414
419,415
420,416
421,417
422,418
423,419
424,420
425,421
426,422
427,423
428,424
429,425
430,426
431,427
432,428
433,429
434,430
435,431
436,432
437,433
438,434
439,435
440,436
441,437
442,438
443,439
444,440
445,441
446,442
447,443
448,444
449,445
450,446
451,447
452,448
453,449
454,450
455,451
456,452
457,453
458,454
459,455
460,456
461,457
462,458
463,459
464,460
465,461
466,462
467,463
468,464
469,465
470,466
471,467
472,468
473,469
474,470
475,471
476,472
477,473
478,474
479,475
480,476
481,477
482,478
483,479
484,480
485,481
486,482
487,483
488,484
489,485
490,486
491,487
492,488
493,489
494,490
495,491
496,492
497,493
498,494
499,495
500,496
501,497
502,498
503,499
504,500
505,501
506,502
507,503
508,504
509,505
510,506
511,507
512,508
513,509
514,510
515,0
516,511
517,512
518,513
519,514
520,515
521,516
522,517
523,518
524,519
525,520
526,521
527,522
528,523
529,524
530,525
531,526
532,527
533,528
534,529
535,530
536,531
537,532
538,533
539,534
540,535
541,536
542,537
543,538
544,539
545,540
546,541
547,542
548,543
549,544
550,545
551,546
552,547
553,548
554,549
555,550
556,551
557,552
558,553
559,554
560,555
561,556
562,557
563,558
564,559
565,560
566,561
567,562
568,563
569,564
570,565
571,566
572,567
573,568
574,569
575,570
576,571
577,572
578,573
579,574
580,575
581,576
582,577
583,578
584,579
585,580
586,581
587,582
588,583
589,584
590,585
591,586
592,587
593,588
594,589
595,590
596,591
597,592
598,593
599,594
600,595
601,596
602,597
603,598
604,599
605,600
606,601
607,602
608,603
609,604
610,605
611,606
612,607
613,608
614,609
615,610
616,611
617,612
618,613
619,614
620,615
621,616
622,617
623,618
624,619
625,620
626,621
627,622
628,623
629,624
630,625
631,626
632,627
633,628
634,628
635,628
636,28
637,628
638,629
639,630
640,631
641,632
642,633
643,634
644,635
645,636
646,637
647,638
648,639
649,640
650,641
651,642
652,643
653,644
654,645
655,646
656,647
657,648
658,649
659,650
660,651
661,652
662,653
663,654
664,655
665,656
666,657
667,658
668,659
669,660
670,661
671,662
672,663
673,664
674,665
675,666
676,667
677,668
678,669
679,670
680,671
681,672
682,673
683,674
684,675
685,676
686,677
687,678
688,679
689,680
690,681
691,682
692,683
693,684
694,685
695,686
696,687
697,688
698,689
699,690
700,691
701,692
702,693
703,694
704,695
705,696
706,697
707,698
708,699
709,700
710,701
711,702
712,703
713,704
714,705
715,706
716,707
717,708
718,709
719,710
720,711
721,712
722,713
723,714
724,715
725,716
726,717
727,718
728,719
729,720
730,721
731,722
732,723
733,724
734,725
735,726
736,727
737,728
738,729
739,730
740,731
741,732
742,733
743,734
744,735
745,736
746,737
747,738
748,739
749,740
750,741
751,742
752,743
753,744
754,745
755,746
756,747
757,748
758,749
759,750
760,751
761,752
762,753
763,754
764,755
765,756
766,757
767,758
768,759
769,760
770,761
771,762
772,763
773,764
774,765
775,766
776,767
777,768
778,769
779,770
780,771
781,772
782,773
783,774
784,775
785,776
786,777
787,778
788,779
789,780
790,781
791,782
792,783
793,784
794,785
795,786
796,787
797,788
798,789
799,790
800,791
801,792
802,793
803,794
804,795
805,796
806,797
807,798
808,799
809,800
810,801
811,802
812,803
813,804
814,805
815,806
816,807
817,808
818,809
819,810
820,811
821,812
822,813
823,814
824,815
825,816
826,817
827,818
828,819
829,820
830,821
831,822
832,823
833,824
834,825
835,826
836,827
837,828
838,829
839,830
840,831
841,832
842,833
843,834
844,835
845,836
846,837
847,838
848,839
849,840
850,841
851,842
852,843
853,844
854,845
855,846
856,847
857,848
858,849
859,850
860,851
861,852
862,853
863,854
864,855
865,856
866,857
867,858
868,859
869,860
870,861
871,862
872,863
873,864
874,865
875,866
876,867
877,868
878,869
879,870
880,871
881,872
882,873
883,874
884,875
885,876
886,877
887,878
888,879
889,880
890,881
891,882
892,883
893,884
894,885
895,886
896,887
897,888
898,889
899,890
900,891
901,892
902,893
903,894
904,895
905,896
906,897
907,898
908,899
909,900
910,901
911,902
912,903
913,904
914,905
915,906
916,907
917,908
918,909
919,910
920,911
921,912
922,913
923,914
924,915
925,916
926,917
927,918
928,919
929,920
930,921
931,922
932,923
933,924
934,925
935,926
936,927
937,928
938,929
939,930
940,931
941,932
942,933
943,934
944,935
945,936
946,937
947,938
948,939
949,940
950,941
951,942
952,943
953,944
954,945
955,946
956,947
957,948
958,949
959,950
960,951
961,952
962,953
963,954
964,955
965,956
966,957
967,958
968,959
969,960
970,961
971,962
972,963
973,964
974,965
975,966
976,967
977,968
978,969
979,970
980,971
981,972
982,973
983,974
984,975
985,976
986,977
987,978
988,979
989,980
990,981
991,982
992,983
993,984
994,985
995,986
996,987
997,988
998,989
999,990
1000,991
1001,992
1002,993
1003,994
1004,995
1005,996
1006,997
1007,998
1008,999
1009,1000
1010,1001
1011,1002
1012,1003
1013,1004
1014,1005
1015,1006
1016,1007
1017,1008
1018,1009
1019,1010
1020,1011
1021,1012
1022,1013
1023,1014
1024,1015
1025,1016
1026,1017
1027,1018
1028,1019
1029,1020
1030,1021
1031,1022
1032,1023
1033,1024
1034,1025
1035,1026
1036,1027
1037,1028
1038,1029
1039,1030
1040,1031
1041,1032
1042,1033
1043,1034
1044,1035
1045,1036
1046,1037
1047,1038
1048,1039
1049,1040
1050,1041
1051,1042
1052,1043
1053,1044
1054,1045
1055,1046
1056,1047
1057,1048
1058,1049
1059,1050
1060,1051
1061,1052
1062,1053
1063,1054
1064,1055
1065,1056
1066,1057
1067,1058
1068,1059
1069,1060
1070,1061
1071,1062
1072,1063
1073,1064
1074,1065
1075,1066
1076,1067
1077,1068
1078,1069
1079,1070
1080,1071
1081,1072
1082,1073
1083,1074
1084,1075
1085,1076
1086,1077
1087,1078
1088,1079
1089,1080
1090,1081
1091,1082
1092,1083
1093,1084
1094,1085
1095,1086
1096,1087
1097,1088
1098,1089
1099,1090
1100,1091
1101,1092
1102,1093
1103,1094
1104,1095
1105,1096
1106,1097
1107,1098
1108,1099
1109,1100
1110,1101
1111,1102
1112,1103
1113,1104
1114,1105
1115,1106
1116,1107
1117,1108
1118,1109
1119,1110
1120,1111
1121,1112
1122,1113
1123,1114
1124,1115
1125,1116
1126,1117
1127,1118
1128,1119
1129,1120
1130,1121
1131,1122
1132,1123
1133,1124
1134,1125
1135,1126
1136,1127
1137,1128
1138,1129
1139,1130
1140,1131
1141,1132
1142,1133
1143,1134
1144,1135
1145,1136
1146,1137
1147,28
1148,28
1149,28
1150,28
1151,0
1152,0
1153,1
1154,1
1155,2
1156,3
1157,28
1158,28
1159,28
1160,2
1161,29
1162,30
1163,31
1164,32
1165,33
1166,34
1167,35
1168,36
1169,37
1170,38
1171,39
1172,40
1173,41
1174,42
1175,43
1176,44
1177,45
1178,46
1179,47
1180,48
1181,49
1182,50
1183,51
1184,52
1185,53
1186,54
1187,55
1188,56
1189,57
1190,58
1191,59
1192,60
1193,61
1194,62
1195,63
1196,64
1197,65
1198,66
1199,67
1200,68
1201,69
1202,70
1203,71
1204,72
1205,73
1206,74
1207,75
1208,76
1209,77
1210,78
1211,79
1212,80
1213,81
1214,82
1215,83
1216,84
1217,85
1218,86
1219,87
1220,88
1221,89
1222,90
1223,91
1224,92
1225,93
1226,94
1227,95
1228,96
1229,97
1230,98
1231,99
1232,100
1233,101
1234,102
1235,103
1236,104
1237,105
1238,106
1239,107
1240,108
1241,109
1242,110
1243,111
1244,112
1245,113
1246,114
1247,115
1248,116
1249,117
1250,118
1251,119
1252,120
1253,121
1254,122
1255,123
1256,124
1257,125
1258,126
1259,127
1260,128
1261,129
1262,130
1263,131
1264,132
1265,133
1266,134
1267,135
1268,136
1269,137
1270,138
1271,139
1272,140
1273,141
1274,142
1275,143
1276,144
1277,145
1278,146
1279,147
1280,148
1281,149
1282,150
1283,151
1284,152
1285,153
1286,154
1287,155
1288,156
1289,157
1290,158
1291,159
1292,160
1293,161
1294,162
1295,163
1296,164
1297,165
1298,166
1299,167
1300,168
1301,169
1302,170
1303,171
1304,172
1305,173
1306,174
1307,175
1308,176
1309,177
1310,178
1311,179
1312,180
1313,181
1314,182
1315,183
1316,184
1317,185
1318,186
1319,187
1320,188
1321,189
1322,190
1323,191
1324,192
1325,193
1326,194
1327,195
1328,196
1329,197
1330,198
1331,199
1332,200
1333,201
1334,202
1335,203
1336,204
1337,205
1338,206
1339,207
1340,208
1341,209
1342,210
1343,211
1344,212
1345,213
1346,214
1347,215
1348,216
1349,217
1350,218
1351,219
1352,220
1353,221
1354,222
1355,223
1356,224
1357,225
1358,226
1359,227
1360,228
1361,229
1362,230
1363,231
1364,232
1365,233
1366,234
1367,235
1368,236
1369,237
1370,238
1371,239
1372,240
1373,241
1374,242
1375,243
1376,244
1377,245
1378,246
1379,247
1380,248
1381,249
1382,250
1383,251
1384,252
1385,253
1386,254
1387,255
1388,256
1389,257
1390,258
1391,259
1392,260
1393,261
1394,262
1395,263
1396,264
1397,265
1398,266
1399,267
1400,268
1401,269
1402,270
1403,271
1404,272
1405,273
1406,274
1407,275
1408,276
1409,277
1410,278
1411,279
1412,280
1413,281
1414,282
1415,283
1416,284
1417,285
1418,286
1419,287
1420,288
1421,289
1422,290
1423,291
1424,292
1425,293
1426,294
1427,295
1428,296
1429,297
1430,298
1431,299
1432,300
1433,301
1434,302
1435,303
1436,304
1437,305
1438,306
1439,307
1440,308
1441,309
1442,310
1443,311
1444,312
1445,313
1446,314
1447,315
1448,316
1449,317
1450,318
1451,319
1452,320
1453,321
1454,322
1455,323
1456,324
1457,325
1458,326
1459,327
1460,328
1461,329
1462,330
1463,331
1464,332
1465,333
1466,334
1467,335
1468,336
1469,337
1470,338
1471,339
1472,340
1473,341
1474,342
1475,343
1476,344
1477,345
1478,346
1479,347
1480,348
1481,349
1482,350
1483,351
1484,352
1485,353
1486,354
1487,355
1488,356
1489,357
1490,358
1491,359
1492,360
1493,361
1494,362
1495,363
1496,364
1497,365
1498,366
1499,367
1500,368
1501,369
1502,370
1503,371
1504,372
1505,373
1506,374
1507,375
1508,376
1509,377
1510,378
1511,379
1512,380
1513,381
1514,382
1515,383
1516,384
1517,385
1518,386
1519,387
1520,388
1521,389
1522,390
1523,391
1524,392
1525,393
1526,394
1527,395
1528,396
1529,397
1530,398
1531,399
1532,400
1533,401
1534,402
1535,403
1536,404
1537,405
1538,406
1539,407
1540,408
1541,409
1542,410
1543,411
1544,412
1545,413
1546,414
1547,415
1548,416
1549,417
1550,418
1551,419
1552,420
1553,421
1554,422
1555,423
1556,424
1557,425
1558,426
1559,427
1560,428
1561,429
1562,430
1563,431
1564,432
1565,433
1566,434
1567,435
1568,436
1569,437
1570,438
1571,439
1572,440
1573,441
1574,442
1575,443
1576,444
1577,445
1578,446
1579,447
1580,448
1581,449
1582,450
1583,451
1584,452
1585,453
1586,454
1587,455
1588,456
1589,457
1590,458
1591,459
1592,460
1593,461
1594,462
1595,463
1596,464
1597,465
1598,466
1599,467
1600,468
1601,469
1602,470
1603,471
1604,472
1605,473
1606,474
1607,475
1608,476
1609,477
1610,478
1611,479
1612,480
1613,481
1614,482
1615,483
1616,484
1617,485
1618,486
1619,487
1620,488
1621,489
1622,490
1623,491
1624,492
1625,493
1626,494
1627,495
1628,496
1629,497
1630,498
1631,499
1632,500
1633,501
1634,502
1635,503
1636,504
1637,505
1638,506
1639,507
1640,508
1641,509
1642,510
1643,511
1644,512
1645,513
1646,514
1647,515
1648,516
1649,517
1650,518
1651,519
1652,520
1653,521
1654,522
1655,523
1656,524
1657,525
1658,526
1659,527
1660,528
1661,529
1662,530
1663,531
1664,532
1665,533
1666,534
1667,535
1668,536
1669,537
1670,538
1671,0
1672,539
1673,540
1674,541
1675,542
1676,543
1677,544
1678,545
1679,546
1680,547
1681,548
1682,549
1683,550
1684,551
1685,552
1686,553
1687,554
1688,555
1689,556
1690,557
1691,558
1692,559
1693,560
1694,561
1695,562
1696,563
1697,564
1698,565
1699,566
1700,567
1701,568
1702,569
1703,570
1704,571
1705,572
1706,573
1707,574
1708,575
1709,576
1710,577
1711,578
1712,579
1713,580
1714,581
1715,582
1716,583
1717,584
1718,585
1719,586
1720,587
1721,588
1722,589
1723,590
1724,591
1725,592
1726,593
1727,594
1728,595
1729,596
1730,597
1731,598
1732,599
1733,600
1734,601
1735,602
1736,603
1737,604
1738,605
1739,606
1740,607
1741,608
1742,609
1743,610
1744,611
1745,612
1746,613
1747,614
1748,615
1749,616
1750,617
1751,618
1752,619
1753,620
1754,621
1755,622
1756,623
1757,624
1758,625
1759,626
1760,627
1761,628
1762,628
1763,628
1764,28
1765,628
1766,1138
1767,1139
1768,1140
1769,1141
1770,1142
1771,1143
1772,1144
1773,1145
1774,1146
1775,1147
1776,1148
1777,1149
1778,1150
1779,1151
1780,1152
1781,1153
1782,1154
1783,1155
1784,1156
1785,1157
1786,1158
1787,1159
1788,1160
1789,1161
1790,1162
1791,1163
1792,1164
1793,1165
1794,1166
1795,1167
1796,1168
1797,1169
1798,1170
1799,1171
1800,1172
1801,1173
1802,1174
1803,1175
1804,1176
1805,1177
1806,1178
1807,1179
1808,1180
1809,1181
1810,1182
1811,1183
1812,1184
1813,1185
1814,1186
1815,1187
1816,1188
1817,1189
1818,1190
1819,1191
1820,1192
1821,1193
1822,1194
1823,1195
1824,1196
1825,1197
1826,1198
1827,1199
1828,1200
1829,1201
1830,1202
1831,1203
1832,1204
1833,1205
1834,1206
1835,1207
1836,1208
1837,1209
1838,1210
1839,1211
1840,1212
1841,1213
1842,1214
1843,1215
1844,1216
1845,1217
1846,1218
1847,1219
1848,1220
1849,1221
1850,1222
1851,1223
1852,1224
1853,1225
1854,1226
1855,1227
1856,1228
1857,1229
1858,1230
1859,1231
1860,1232
1861,1233
1862,1234
1863,1235
1864,1236
1865,1237
1866,1238
1867,1239
1868,1240
1869,1241
1870,1242
1871,1243
1872,1244
1873,1245
1874,1246
1875,1247
1876,1248
1877,1249
1878,1250
1879,1251
1880,1252
1881,1253
1882,1254
1883,1255
1884,1256
1885,1257
1886,1258
1887,1259
1888,1260
1889,1261
1890,1262
1891,1263
1892,1264
1893,1265
1894,1266
1895,1267
1896,1268
1897,1269
1898,1270
1899,1271
1900,1272
1901,1273
1902,1274
1903,1275
1904,1276
1905,1277
1906,1278
1907,1279
1908,1280
1909,1281
1910,1282
1911,1283
1912,1284
1913,1285
1914,1286
1915,1287
1916,1288
1917,1289
1918,1290
1919,1291
1920,1292
1921,1293
1922,1294
1923,1295
1924,1296
1925,1297
1926,1298
1927,1299
1928,1300
1929,1301
1930,1302
1931,1303
1932,1304
1933,1305
1934,1306
1935,1307
1936,1308
1937,1309
1938,1310
1939,1311
1940,1312
1941,1313
1942,1314
1943,1315
1944,1316
1945,1317
1946,1318
1947,1319
1948,1320
1949,1321
1950,1322
1951,1323
1952,1324
1953,1325
1954,1326
1955,1327
1956,1328
1957,1329
1958,1330
1959,1331
1960,1332
1961,1333
1962,1334
1963,1335
1964,1336
1965,1337
1966,1338
1967,1339
1968,1340
1969,1341
1970,1342
1971,1343
1972,1344
1973,1345
1974,1346
1975,1347
1976,1348
1977,1349
1978,1350
1979,1351
1980,1352
1981,1353
1982,1354
1983,1355
1984,1356
1985,1357
1986,1358
1987,1359
1988,1360
1989,1361
1990,1362
1991,1363
1992,1364
1993,1365
1994,1366
1995,1367
1996,1368
1997,1369
1998,1370
1999,1371
2000,1372
2001,1373
2002,1374
2003,1375
2004,1376
2005,1377
2006,1378
2007,1379
2008,1380
2009,1381
2010,1382
2011,1383
2012,1384
2013,1385
2014,1386
2015,1387
2016,1388
2017,1389
2018,1390
2019,1391
2020,1392
2021,1393
2022,1394
2023,1395
2024,1396
2025,1397
2026,1398
2027,1399
2028,1400
2029,1401
2030,1402
2031,1403
2032,1404
2033,1405
2034,1406
2035,1407
2036,1408
2037,1409
2038,1410
2039,1411
2040,1412
2041,1413
2042,1414
2043,1415
2044,1416
2045,1417
2046,1418
2047,1419
2048,1420
2049,1421
2050,1422
2051,1423
2052,1424
2053,1425
2054,1426
2055,1427
2056,1428
2057,1429
2058,1430
2059,28
2060,28
2061,28
2062,28
2063,0
2064,0
2065,1
2066,1
2067,2
2068,3
2069,28
2070,28
2071,28
2072,2
2073,29
2074,30
2075,31
2076,32
2077,33
2078,34
2079,35
2080,36
2081,37
2082,38
2083,39
2084,40
2085,41
2086,42
2087,43
2088,44
2089,45
2090,46
2091,47
2092,48
2093,49
2094,50
2095,51
2096,52
2097,53
2098,54
2099,55
2100,56
2101,57
2102,58
2103,59
2104,60
2105,61
2106,62
2107,63
2108,64
2109,65
2110,66
2111,67
2112,68
2113,69
2114,70
2115,71
2116,72
2117,73
2118,74
2119,75
2120,76
2121,77
2122,78
2123,79
2124,80
2125,81
2126,82
2127,83
2128,84
2129,85
2130,86
2131,87
2132,88
2133,89
2134,90
2135,91
2136,92
2137,93
2138,94
2139,95
2140,96
2141,97
2142,98
2143,99
2144,100
2145,101
2146,102
2147,103
2148,104
2149,105
2150,106
2151,107
2152,108
2153,109
2154,110
2155,111
2156,112
2157,113
2158,114
2159,115
2160,116
2161,117
2162,118
2163,119
2164,120
2165,121
2166,122
2167,123
2168,124
2169,125
2170,126
2171,127
2172,128
2173,129
2174,130
2175,131
2176,132
2177,133
2178,134
2179,135
2180,136
2181,137
2182,138
2183,139
2184,140
2185,141
2186,142
2187,143
2188,144
2189,145
2190,146
2191,147
2192,148
2193,149
2194,150
2195,151
2196,152
2197,153
2198,154
2199,155
2200,156
2201,157
2202,158
2203,159
2204,160
2205,161
2206,162
2207,163
2208,164
2209,165
2210,166
2211,167
2212,168
2213,169
2214,170
2215,171
2216,172
2217,173
2218,174
2219,175
2220,176
2221,177
2222,178
2223,179
2224,180
2225,181
2226,182
2227,183
2228,184
2229,185
2230,186
2231,187
2232,188
2233,189
2234,190
2235,191
2236,192
2237,193
2238,194
2239,195
2240,196
2241,197
2242,198
2243,199
2244,200
2245,201
2246,202
2247,203
2248,204
2249,205
2250,206
2251,207
2252,208
2253,209
2254,210
2255,211
2256,212
2257,213
2258,214
2259,215
2260,216
2261,217
2262,218
2263,219
2264,220
2265,221
2266,222
2267,223
2268,224
2269,225
2270,226
2271,227
2272,228
2273,229
2274,230
2275,231
2276,232
2277,233
2278,234
2279,235
2280,236
2281,237
2282,238
2283,239
2284,240
2285,241
2286,242
2287,243
2288,244
2289,245
2290,246
2291,247
2292,248
2293,249
2294,250
2295,251
2296,252
2297,253
2298,254
2299,255
2300,256
2301,257
2302,258
2303,259
2304,260
2305,261
2306,262
2307,263
2308,264
2309,265
2310,266
2311,267
2312,268
2313,269
2314,270
2315,271
2316,272
2317,273
2318,274
2319,275
2320,276
2321,277
2322,278
2323,279
2324,280
2325,281
2326,282
2327,283
2328,284
2329,285
2330,286
2331,287
2332,288
2333,289
2334,290
2335,291
2336,292
2337,293
2338,294
2339,295
2340,296
2341,297
2342,298
2343,299
2344,300
2345,301
2346,302
2347,303
2348,304
2349,305
2350,306
2351,307
2352,308
2353,309
2354,310
2355,311
2356,312
2357,313
2358,314
2359,315
2360,316
2361,317
2362,318
2363,319
2364,320
2365,321
2366,322
2367,323
2368,324
2369,325
2370,326
2371,327
2372,328
2373,329
2374,330
2375,331
2376,332
2377,333
2378,334
2379,335
2380,336
2381,337
2382,338
2383,339
2384,340
2385,341
2386,342
2387,343
2388,344
2389,345
2390,346
2391,347
2392,348
2393,349
2394,350
2395,351
2396,352
2397,353
2398,354
2399,355
2400,356
2401,357
2402,358
2403,359
2404,360
2405,361
2406,362
2407,363
2408,364
2409,365
2410,366
2411,367
2412,368
2413,369
2414,370
2415,371
2416,372
2417,373
2418,374
2419,375
2420,376
2421,377
2422,378
2423,379
2424,380
2425,381
2426,382
2427,383
2428,384
2429,385
2430,386
2431,387
2432,388
2433,389
2434,390
2435,391
2436,392
2437,393
2438,394
2439,395
2440,396
2441,397
2442,398
2443,399
2444,400
2445,401
2446,402
2447,403
2448,404
2449,405
2450,406
2451,407
2452,408
2453,409
2454,410
2455,411
2456,412
2457,413
2458,414
2459,415
2460,416
2461,417
2462,418
2463,419
2464,420
2465,421
2466,422
2467,423
2468,424
2469,425
2470,426
2471,427
2472,428
2473,429
2474,430
2475,431
2476,432
2477,433
2478,434
2479,435
2480,436
2481,437
2482,438
2483,439
2484,440
2485,441
2486,442
2487,443
2488,444
2489,445
2490,446
2491,447
2492,448
2493,449
2494,450
2495,451
2496,452
2497,453
2498,454
2499,455
2500,456
2501,457
2502,458
2503,459
2504,460
2505,461
2506,462
2507,463
2508,464
2509,465
2510,466
2511,467
2512,468
2513,469
2514,470
2515,471
2516,472
2517,473
2518,474
2519,475
2520,476
2521,477
2522,478
2523,479
2524,480
2525,481
2526,482
2527,483
2528,484
2529,485
2530,486
2531,487
2532,488
2533,489
2534,490
2535,491
2536,492
2537,493
2538,494
2539,495
2540,496
2541,497
2542,498
2543,499
2544,500
2545,501
2546,502
2547,503
2548,504
2549,505
2550,506
2551,507
2552,508
2553,509
2554,510
2555,511
2556,512
2557,513
2558,514
2559,515
2560,516
2561,517
2562,518
2563,519
2564,520
2565,521
2566,522
2567,523
2568,524
2569,525
2570,526
2571,527
2572,528
2573,529
2574,530
2575,531
2576,532
2577,533
2578,534
2579,535
2580,536
2581,537
2582,538
2583,0
2584,539
2585,540
2586,541
2587,542
2588,543
2589,544
2590,545
2591,546
2592,547
2593,548
2594,549
2595,550
2596,551
2597,552
2598,553
2599,554
2600,555
2601,556
2602,557
2603,558
2604,559
2605,560
2606,561
2607,562
2608,563
2609,564
2610,565
2611,566
2612,567
2613,568
2614,569
2615,570
2616,571
2617,572
2618,573
2619,574
2620,575
2621,576
2622,577
2623,578
2624,579
2625,580
2626,581
2627,582
2628,583
2629,584
2630,585
2631,586
2632,587
2633,588
2634,589
2635,590
2636,591
2637,592
2638,593
2639,594
2640,595
2641,596
2642,597
2643,598
2644,599
2645,600
2646,601
2647,602
2648,603
2649,604
2650,605
2651,606
2652,607
2653,608
2654,609
2655,610
2656,611
2657,612
2658,613
2659,614
2660,615
2661,616
2662,617
2663,618
2664,619
2665,620
2666,621
2667,622
2668,623
2669,624
2670,625
2671,626
2672,627
2673,628
2674,628
2675,628
2676,28
2677,628
2678,1431
2679,1432
2680,1433
2681,1434
2682,1435
2683,1436
2684,1437
2685,1438
2686,1439
2687,1440
2688,1441
2689,1442
2690,1443
2691,1444
2692,1445
2693,1446
2694,1447
2695,1448
2696,1449
2697,1450
2698,1451
2699,1452
2700,1453
2701,1454
2702,1455
2703,1456
2704,1457
2705,1458
2706,1459
2707,1460
2708,1461
2709,1462
2710,1463
2711,1464
2712,1465
2713,1466
2714,1467
2715,1468
2716,1469
2717,1470
2718,1471
2719,1472
2720,1473
2721,1474
2722,1475
2723,1476
2724,1477
2725,1478
2726,1479
2727,1480
2728,1481
2729,1482
2730,1483
2731,1484
2732,1485
2733,1486
2734,1487
2735,1488
2736,1489
2737,1490
2738,1491
2739,1492
2740,1493
2741,1494
2742,1495
2743,1496
2744,1497
2745,1498
2746,1499
2747,1500
2748,1501
2749,1502
2750,1503
2751,1504
2752,1505
2753,1506
2754,1507
2755,1508
2756,1509
2757,1510
2758,1511
2759,1512
2760,1513
2761,1514
2762,1515
2763,1516
2764,1517
2765,1518
2766,1519
2767,1520
2768,1521
2769,1522
2770,1523
2771,1524
2772,1525
2773,1526
2774,1527
2775,1528
2776,1529
2777,1530
2778,1531
2779,1532
2780,1533
2781,1534
2782,1535
2783,1536
2784,1537
2785,1538
2786,1539
2787,1540
2788,1541
2789,1542
2790,1543
2791,1544
2792,1545
2793,1546
2794,1547
2795,1548
2796,1549
2797,1550
2798,1551
2799,1552
2800,1553
2801,1554
2802,1555
2803,1556
2804,1557
2805,1558
2806,1559
2807,1560
2808,1561
2809,1562
2810,1563
2811,1564
2812,1565
2813,1566
2814,1567
2815,1568
2816,1569
2817,1570
2818,1571
2819,1572
2820,1573
2821,1574
2822,1575
2823,1576
2824,1577
2825,1578
2826,1579
2827,1580
2828,1581
2829,1582
2830,1583
2831,1584
2832,1585
2833,1586
2834,1587
2835,1588
2836,1589
2837,1590
2838,1591
2839,1592
2840,1593
2841,1594
2842,1595
2843,1596
2844,1597
2845,1598
2846,1599
2847,1600
2848,1601
2849,1602
2850,1603
2851,1604
2852,1605
2853,1606
2854,1607
2855,1608
2856,1609
2857,741
2858,742
2859,743
2860,744
2861,745
2862,746
2863,747
2864,748
2865,749
2866,750
2867,751
2868,752
2869,753
2870,754
2871,755
2872,756
2873,757
2874,758
2875,759
2876,760
2877,761
2878,762
2879,763
2880,764
2881,765
2882,766
2883,767
2884,768
2885,769
2886,770
2887,771
2888,772
2889,773
2890,774
2891,775
2892,776
2893,777
2894,778
2895,779
2896,780
2897,781
2898,782
2899,783
2900,784
2901,785
2902,786
2903,787
2904,788
2905,789
2906,790
2907,791
2908,792
2909,793
2910,794
2911,795
2912,796
2913,797
2914,798
2915,799
2916,800
2917,801
2918,802
2919,803
2920,804
2921,805
2922,806
2923,807
2924,808
2925,809
2926,810
2927,811
2928,812
2929,813
2930,814
2931,815
2932,816
2933,817
2934,818
2935,819
2936,820
2937,821
2938,822
2939,823
2940,824
2941,825
2942,826
2943,827
2944,828
2945,829
2946,830
2947,831
2948,832
2949,833
2950,834
2951,835
2952,836
2953,837
2954,838
2955,839
2956,840
2957,841
2958,842
2959,843
2960,844
2961,845
2962,846
2963,847
2964,848
2965,849
2966,850
2967,851
2968,852
2969,853
2970,854
2971,855
2972,856
2973,857
2974,858
2975,859
2976,860
2977,861
2978,862
2979,863
2980,864
2981,865
2982,866
2983,867
2984,868
2985,869
2986,870
2987,871
2988,872
2989,873
2990,874
2991,875
2992,876
2993,877
2994,878
2995,879
2996,880
2997,881
2998,882
2999,883
3000,884
3001,885
3002,886
3003,887
3004,888
3005,889
3006,890
3007,891
3008,892
3009,893
3010,894
3011,895
3012,896
3013,897
3014,898
3015,899
3016,900
3017,901
3018,902
3019,903
3020,904
3021,905
3022,906
3023,907
3024,908
3025,909
3026,910
3027,911
3028,912
3029,913
3030,914
3031,915
3032,916
3033,917
3034,918
3035,919
3036,920
3037,921
3038,922
3039,923
3040,924
3041,925
3042,926
3043,927
3044,928
3045,929
3046,930
3047,931
3048,932
3049,933
3050,934
3051,935
3052,936
3053,937
3054,938
3055,939
3056,940
3057,941
3058,942
3059,943
3060,944
3061,945
3062,946
3063,947
3064,948
3065,949
3066,950
3067,951
3068,952
3069,953
3070,954
3071,955
3072,956
3073,957
3074,958
3075,959
3076,960
3077,961
3078,962
3079,963
3080,964
3081,965
3082,966
3083,967
3084,968
3085,969
3086,970
3087,971
3088,972
3089,973
3090,974
3091,975
3092,976
3093,977
3094,978
3095,979
3096,980
3097,981
3098,982
3099,983
3100,984
3101,985
3102,986
3103,987
3104,988
3105,989
3106,990
3107,991
3108,992
3109,993
3110,994
3111,995
3112,996
3113,997
3114,998
3115,999
3116,1000
3117,1001
3118,1002
3119,1003
3120,1004
3121,1005
3122,1006
3123,1007
3124,1008
3125,1009
3126,1010
3127,1011
3128,1012
3129,1013
3130,1014
3131,1015
3132,1016
3133,1017
3134,1018
3135,1019
3136,1020
3137,1021
3138,1022
3139,1023
3140,1024
3141,1025
3142,1026
3143,1027
3144,1028
3145,1029
3146,1030
3147,1031
3148,1032
3149,1033
3150,1034
3151,1035
3152,1036
3153,1037
3154,1038
3155,1039
3156,1040
3157,1041
3158,1042
3159,1043
3160,1044
3161,1045
3162,1046
3163,1047
3164,1048
3165,1049
3166,1050
3167,1051
3168,1052
3169,1053
3170,1054
3171,1055
3172,1056
3173,1057
3174,1610
3175,1611
3176,1612
3177,1613
3178,1614
3179,1615
3180,1616
3181,1617
3182,1618
3183,1619
3184,1620
3185,1621
3186,1622
3187,1623
3188,1624
3189,1625
3190,1626
3191,1627
3192,1628
3193,1629
3194,1630
3195,1631
3196,1632
3197,1633
3198,1634
3199,1635
3200,1636
3201,1637
3202,1638
3203,1639
3204,1640
3205,1641
3206,1642
3207,1643
3208,1644
3209,1645
3210,1646
3211,1647
3212,1648
3213,1649
3214,1650
3215,1651
3216,1652
3217,1653
3218,1654
3219,1655
3220,1656
3221,1657
3222,1658
3223,1659
3224,1660
3225,1661
3226,1662
3227,1663
3228,1664
3229,1665
3230,1666
3231,1667
3232,1668
3233,1669
3234,1670
3235,1671
3236,1672
3237,1673
3238,1674
3239,1675
3240,1676
3241,1677
3242,1678
3243,1679
3244,1680
3245,1681
3246,1682
3247,1683
3248,1684
3249,1685
3250,1686
3251,1687
3252,1688
3253,1689
3254,1690
3255,1691
3256,1692
3257,1693
3258,1694
3259,1695
3260,1696
3261,1697
3262,1698
3263,1699
3264,1700
3265,1701
3266,1702
3267,1703
3268,1704
3269,1705
3270,1706
3271,1707
3272,1708
3273,1709
3274,1710
3275,1711
3276,1712
3277,1713
3278,1714
3279,1715
3280,1716
3281,1717
3282,1718
3283,1719
3284,1720
3285,1721
3286,1722
3287,1723
3288,1724
3289,1725
3290,1726
3291,1727
3292,1728
3293,1729
3294,1730
3295,1731
3296,1732
3297,1733
3298,1734
3299,1735
3300,1736
3301,1737
3302,1738
3303,1739
3304,1740
3305,1741
3306,1742
3307,1743
3308,1744
3309,1745
3310,1746
3311,1747
3312,1748
3313,1749
3314,1750
3315,1751
3316,1752
3317,1753
3318,1754
3319,1755
3320,1756
3321,1757
3322,1758
3323,1759
3324,1760
3325,1761
3326,1762
3327,1763
3328,1764
3329,1765
3330,1766
3331,1767
3332,1768
3333,1769
3334,1770
3335,1771
3336,1772
3337,1773
3338,1774
3339,1775
3340,1776
3341,1777
3342,1778
3343,1779
3344,1780
3345,1781
3346,1782
3347,1783
3348,1784
3349,1785
3350,1786
3351,1787
3352,1788
3353,1789
3354,1790
3355,1791
3356,1792
3357,1793
3358,1794
3359,1795
3360,1796
3361,1797
3362,1798
3363,1799
3364,1800
3365,1801
3366,1802
3367,1803
3368,1804
3369,1805
3370,1806
3371,1807
3372,1808
3373,1809
3374,1810
3375,1811
3376,1812
3377,1813
3378,1814
3379,1815
3380,1816
3381,1817
3382,1818
3383,1819
3384,1820
3385,1821
3386,1822
3387,1823
3388,1824
3389,1825
3390,1826
3391,1827
3392,1828
3393,1829
3394,1830
3395,1831
3396,1832
3397,1833
3398,1834
3399,1835
3400,1836
3401,1837
3402,1838
3403,1839
3404,1840
3405,1841
3406,1842
3407,1843
3408,1844
3409,1845
3410,1846
3411,1847
3412,1848
3413,1849
3414,1850
3415,1851
3416,1852
3417,1853
3418,1854
3419,1855
3420,1856
3421,1857
3422,1858
3423,1859
3424,1860
3425,1861
3426,1862
3427,1863
3428,1864
3429,1865
3430,1866
3431,1867
3432,1868
3433,1869
3434,1870
3435,1871
3436,1872
3437,1873
3438,1874
3439,28
3440,28
3441,28
3442,28
3443,0
3444,0
3445,1
3446,1
3447,2
3448,3
3449,28
3450,28
3451,28
3452,2
3453,29
3454,30
3455,31
3456,32
3457,33
3458,34
3459,35
3460,36
3461,37
3462,38
3463,39
3464,40
3465,41
3466,42
3467,43
3468,44
3469,45
3470,46
3471,47
3472,48
3473,49
3474,50
3475,51
3476,52
3477,53
3478,54
3479,55
3480,56
3481,57
3482,58
3483,59
3484,60
3485,61
3486,62
3487,63
3488,64
3489,65
3490,66
3491,67
3492,68
3493,69
3494,70
3495,71
3496,72
3497,73
3498,74
3499,75
3500,76
3501,77
3502,78
3503,79
3504,80
3505,81
3506,82
3507,83
3508,84
3509,85
3510,86
3511,87
3512,88
3513,89
3514,90
3515,91
3516,92
3517,93
3518,94
3519,95
3520,96
3521,97
3522,98
3523,99
3524,100
3525,101
3526,102
3527,103
3528,104
3529,105
3530,106
3531,107
3532,108
3533,109
3534,110
3535,111
3536,112
3537,113
3538,114
3539,115
3540,116
3541,117
3542,118
3543,119
3544,120
3545,121
3546,122
3547,123
3548,124
3549,125
3550,126
3551,127
3552,128
3553,129
3554,130
3555,131
3556,132
3557,133
3558,134
3559,135
3560,136
3561,137
3562,138
3563,139
3564,140
3565,141
3566,142
3567,143
3568,144
3569,145
3570,146
3571,147
3572,148
3573,149
3574,150
3575,151
3576,152
3577,153
3578,154
3579,155
3580,156
3581,157
3582,158
3583,159
3584,160
3585,161
3586,162
3587,163
3588,164
3589,165
3590,166
3591,167
3592,168
3593,169
3594,170
3595,171
3596,172
3597,173
3598,174
3599,175
3600,176
3601,177
3602,178
3603,179
3604,180
3605,181
3606,182
3607,183
3608,184
3609,185
3610,186
3611,187
3612,188
3613,189
3614,190
3615,191
3616,192
3617,193
3618,194
3619,195
3620,196
3621,197
3622,198
3623,199
3624,200
3625,201
3626,202
3627,203
3628,204
3629,205
3630,206
3631,207
3632,208
3633,209
3634,210
3635,211
3636,212
3637,213
3638,214
3639,215
3640,216
3641,217
3642,218
3643,219
3644,220
3645,221
3646,222
3647,223
3648,224
3649,225
3650,226
3651,227
3652,228
3653,229
3654,230
3655,231
3656,232
3657,233
3658,234
3659,235
3660,236
3661,237
3662,238
3663,239
3664,240
3665,241
3666,242
3667,243
3668,244
3669,245
3670,246
3671,247
3672,248
3673,249
3674,250
3675,251
3676,252
3677,253
3678,254
3679,255
3680,256
3681,257
3682,258
3683,259
3684,260
3685,261
3686,262
3687,263
3688,264
3689,265
3690,266
3691,267
3692,268
3693,269
3694,270
3695,271
3696,272
3697,273
3698,274
3699,275
3700,276
3701,277
3702,278
3703,279
3704,280
3705,281
3706,282
3707,283
3708,284
3709,285
3710,286
3711,287
3712,288
3713,289
3714,290
3715,291
3716,292
3717,293
3718,294
3719,295
3720,296
3721,297
3722,298
3723,299
3724,300
3725,301
3726,302
3727,303
3728,304
3729,305
3730,306
3731,307
3732,308
3733,309
3734,310
3735,311
3736,312
3737,313
3738,314
3739,315
3740,316
3741,317
3742,318
3743,319
3744,320
3745,321
3746,322
3747,323
3748,324
3749,325
3750,326
3751,327
3752,328
3753,329
3754,330
3755,331
3756,332
3757,333
3758,334
3759,335
3760,336
3761,337
3762,338
3763,339
3764,340
3765,341
3766,342
3767,343
3768,344
3769,345
3770,346
3771,347
3772,348
3773,349
3774,350
3775,351
3776,352
3777,353
3778,354
3779,355
3780,356
3781,357
3782,358
3783,359
3784,360
3785,361
3786,362
3787,363
3788,364
3789,365
3790,366
3791,367
3792,368
3793,369
3794,370
3795,371
3796,372
3797,373
3798,374
3799,375
3800,376
3801,377
3802,378
3803,379
3804,380
3805,381
3806,382
3807,383
3808,384
3809,385
3810,386
3811,387
3812,388
3813,389
3814,390
3815,391
3816,392
3817,393
3818,394
3819,395
3820,396
3821,397
3822,398
3823,399
3824,400
3825,401
3826,402
3827,403
3828,404
3829,405
3830,406
3831,407
3832,408
3833,409
3834,410
3835,411
3836,412
3837,413
3838,414
3839,415
3840,416
3841,417
3842,418
3843,419
3844,420
3845,421
3846,422
3847,423
3848,424
3849,425
3850,426
3851,427
3852,428
3853,429
3854,430
3855,431
3856,432
3857,433
3858,434
3859,435
3860,436
3861,437
3862,438
3863,439
3864,440
3865,441
3866,442
3867,443
3868,444
3869,445
3870,446
3871,447
3872,448
3873,449
3874,450
3875,451
3876,452
3877,453
3878,454
3879,455
3880,456
3881,457
3882,458
3883,459
3884,460
3885,461
3886,462
3887,463
3888,464
3889,465
3890,466
3891,467
3892,468
3893,469
3894,470
3895,471
3896,472
3897,473
3898,474
3899,475
3900,476
3901,477
3902,478
3903,479
3904,480
3905,481
3906,482
3907,483
3908,484
3909,485
3910,486
3911,487
3912,488
3913,489
3914,490
3915,491
3916,492
3917,493
3918,494
3919,495
3920,496
3921,497
3922,498
3923,499
3924,500
3925,501
3926,502
3927,503
3928,504
3929,505
3930,506
3931,507
3932,508
3933,509
3934,510
3935,511
3936,512
3937,513
3938,514
3939,515
3940,516
3941,517
3942,518
3943,519
3944,520
3945,521
3946,522
3947,523
3948,524
3949,525
3950,526
3951,527
3952,528
3953,529
3954,530
3955,531
3956,532
3957,533
3958,534
3959,535
3960,536
3961,537
3962,538
3963,0
3964,539
3965,540
3966,541
3967,542
3968,543
3969,544
3970,545
3971,546
3972,547
3973,548
3974,549
3975,550
3976,551
3977,552
3978,553
3979,554
3980,555
3981,556
3982,557
3983,558
3984,559
3985,560
3986,561
3987,562
3988,563
3989,564
3990,565
3991,566
3992,567
3993,568
3994,569
3995,570
3996,571
3997,572
3998,573
3999,574
4000,575
4001,576
4002,577
4003,578
4004,579
4005,580
4006,581
4007,582
4008,583
4009,584
4010,585
4011,586
4012,587
4013,588
4014,589
4015,590
4016,591
4017,592
4018,593
4019,594
4020,595
4021,596
4022,597
4023,598
4024,599
4025,600
4026,601
4027,602
4028,603
4029,604
4030,605
4031,606
4032,607
4033,608
4034,609
4035,610
4036,611
4037,612
4038,613
4039,614
4040,615
4041,616
4042,617
4043,618
4044,619
4045,620
4046,621
4047,622
4048,623
4049,624
4050,625
4051,626
4052,627
4053,628
4054,628
4055,628
4056,28
4057,628
4058,1875
4059,1876
4060,1877
4061,1878
4062,1879
4063,1880
4064,1881
4065,1882
4066,1883
4067,1884
4068,1885
4069,1886
4070,1887
4071,1888
4072,1889
4073,1890
4074,1891
4075,1892
4076,1893
4077,1894
4078,1895
4079,1896
4080,1897
4081,1898
4082,1899
4083,1900
4084,1901
4085,1902
4086,1903
4087,1904
4088,1905
4089,1906
4090,1907
4091,1908
4092,1909
4093,1910
4094,1911
4095,1912
4096,1913
4097,1914
4098,1915
4099,1916
4100,1917
4101,1918
4102,1919
4103,1920
4104,1921
4105,1922
4106,1923
4107,1924
4108,1925
4109,1926
4110,1927
4111,1928
4112,1929
4113,1930
4114,1931
4115,1932
4116,1933
4117,1934
4118,1935
4119,1936
4120,1937
4121,1938
4122,1939
4123,1940
4124,1941
4125,1942
4126,1943
4127,1944
4128,1945
4129,1946
4130,1947
4131,1948
4132,1949
4133,1950
4134,1951
4135,1952
4136,1953
4137,1954
4138,1955
4139,1956
4140,1957
4141,1958
4142,1959
4143,1960
4144,1961
4145,1962
4146,1963
4147,1964
4148,1965
4149,1966
4150,1967
4151,1968
4152,1969
4153,1970
4154,1971
4155,1972
4156,1973
4157,1974
4158,1975
4159,1976
4160,1977
4161,1978
4162,1979
4163,1980
4164,1981
4165,1982
4166,1983
4167,1984
4168,1985
4169,1986
4170,1987
4171,1988
4172,1989
4173,1990
4174,1991
4175,1992
4176,1993
4177,1994
4178,1995
4179,1996
4180,1997
4181,1998
4182,1999
4183,2000
4184,2001
4185,2002
4186,2003
4187,2004
4188,2005
4189,2006
4190,2007
4191,2008
4192,2009
4193,2010
4194,2011
4195,2012
4196,2013
4197,2014
4198,2015
4199,2016
4200,2017
4201,2018
4202,2019
4203,2020
4204,1239
4205,1240
4206,1241
4207,1242
4208,1243
4209,1244
4210,1245
4211,1246
4212,1247
4213,1248
4214,1249
4215,1250
4216,1251
4217,1252
4218,1253
4219,1254
4220,1255
4221,1256
4222,1257
4223,1258
4224,1259
4225,1260
4226,1261
4227,1262
4228,1263
4229,1264
4230,1265
4231,1266
4232,1267
4233,1268
4234,1269
4235,1270
4236,1271
4237,1272
4238,1273
4239,1274
4240,1275
4241,1276
4242,1277
4243,1278
4244,2021
4245,2022
4246,2023
4247,2024
4248,2025
4249,2026
4250,2027
4251,2028
4252,2029
4253,2030
4254,2031
4255,2032
4256,2033
4257,2034
4258,2035
4259,2036
4260,2037
4261,2038
4262,2039
4263,2040
4264,2041
4265,2042
4266,2043
4267,2044
4268,2045
4269,2046
4270,2047
4271,2048
4272,2049
4273,2050
4274,2051
4275,2052
4276,2053
4277,2054
4278,2055
4279,2056
4280,2057
4281,2058
4282,2059
4283,2060
4284,2061
4285,2062
4286,2063
4287,2064
4288,2065
4289,2066
4290,2067
4291,2068
4292,2069
4293,2070
4294,2071
4295,2072
4296,2073
4297,2074
4298,2075
4299,2076
4300,2077
4301,2078
4302,2079
4303,2080
4304,2081
4305,2082
4306,2083
4307,2084
4308,2085
4309,2086
4310,2087
4311,2088
4312,2089
4313,2090
4314,2091
4315,2092
4316,2093
4317,2094
4318,2095
4319,2096
4320,2097
4321,2098
4322,2099
4323,2100
4324,2101
4325,2102
4326,2103
4327,2104
4328,2105
4329,2106
4330,2107
4331,2108
4332,2109
4333,2110
4334,2111
4335,2112
4336,2113
4337,2114
4338,2115
4339,2116
4340,2117
4341,2118
4342,2119
4343,2120
4344,2121
4345,2122
4346,2123
4347,2124
4348,2125
4349,2126
4350,2127
4351,2128
4352,2129
4353,2130
4354,2131
4355,2132
4356,2133
4357,2134
4358,2135
4359,1374
4360,1375
4361,1376
4362,1377
4363,1378
4364,1379
4365,1380
4366,1381
4367,1382
4368,1383
4369,1384
4370,1385
4371,1386
4372,1387
4373,1388
4374,1389
4375,1390
4376,1391
4377,1392
4378,1393
4379,1394
4380,1395
4381,1396
4382,1397
4383,1398
4384,1399
4385,1400
4386,1401
4387,1402
4388,2136
4389,2137
4390,2138
4391,2139
4392,2140
4393,2141
4394,2142
4395,2143
4396,2144
4397,2145
4398,2146
4399,2147
4400,2148
4401,2149
4402,2150
4403,2151
4404,2152
4405,2153
4406,2154
4407,2155
4408,2156
4409,2157
4410,2158
4411,2159
4412,2160
4413,2161
4414,2162
4415,2163
4416,2164
4417,2165
4418,2166
4419,2167
4420,2168
4421,2169
4422,2170
4423,2171
4424,2172
4425,2173
4426,2174
4427,2175
4428,2176
4429,2177
4430,2178
4431,2179
4432,2180
4433,2181
4434,2182
4435,2183
4436,2184
4437,2185
4438,2186
4439,2187
4440,2188
4441,2189
4442,2190
4443,2191
4444,2192
4445,2193
4446,2194
4447,2195
4448,2196
4449,2197
4450,2198
4451,2199
4452,2200
4453,2201
4454,2202
4455,2203
4456,2204
4457,2205
4458,2206
4459,2207
4460,2208
4461,2209
4462,2210
4463,2211
4464,2212
4465,2213
4466,2214
4467,2215
4468,2216
4469,2217
4470,2218
4471,2219
4472,2220
4473,2221
4474,2222
4475,2223
4476,2224
4477,2225
4478,2226
4479,741
4480,742
4481,743
4482,744
4483,745
4484,746
4485,747
4486,748
4487,749
4488,750
4489,751
4490,752
4491,753
4492,754
4493,755
4494,756
4495,757
4496,758
4497,759
4498,760
4499,761
4500,762
4501,763
4502,764
4503,765
4504,766
4505,767
4506,768
4507,769
4508,770
4509,771
4510,772
4511,773
4512,774
4513,775
4514,776
4515,777
4516,778
4517,779
4518,780
4519,781
4520,782
4521,783
4522,784
4523,785
4524,786
4525,787
4526,788
4527,789
4528,790
4529,791
4530,792
4531,793
4532,794
4533,795
4534,796
4535,797
4536,798
4537,799
4538,800
4539,801
4540,802
4541,803
4542,804
4543,805
4544,806
4545,807
4546,808
4547,809
4548,810
4549,811
4550,812
4551,813
4552,814
4553,815
4554,816
4555,817
4556,818
4557,819
4558,820
4559,821
4560,822
4561,823
4562,824
4563,825
4564,826
4565,827
4566,828
4567,829
4568,830
4569,831
4570,832
4571,833
4572,834
4573,835
4574,836
4575,837
4576,838
4577,839
4578,840
4579,841
4580,842
4581,843
4582,844
4583,845
4584,846
4585,847
4586,848
4587,849
4588,850
4589,851
4590,852
4591,853
4592,854
4593,855
4594,856
4595,857
4596,858
4597,859
4598,860
4599,861
4600,862
4601,863
4602,864
4603,865
4604,866
4605,867
4606,868
4607,869
4608,870
4609,871
4610,872
4611,873
4612,874
4613,875
4614,876
4615,877
4616,878
4617,879
4618,880
4619,881
4620,882
4621,883
4622,884
4623,885
4624,886
4625,887
4626,888
4627,889
4628,890
4629,891
4630,892
4631,893
4632,894
4633,895
4634,896
4635,897
4636,898
4637,899
4638,900
4639,901
4640,902
4641,903
4642,904
4643,905
4644,906
4645,907
4646,908
4647,909
4648,910
4649,911
4650,912
4651,913
4652,914
4653,915
4654,916
4655,917
4656,918
4657,919
4658,920
4659,921
4660,922
4661,923
4662,924
4663,925
4664,926
4665,927
4666,928
4667,929
4668,930
4669,931
4670,932
4671,933
4672,934
4673,935
4674,936
4675,937
4676,938
4677,939
4678,940
4679,941
4680,942
4681,943
4682,944
4683,945
4684,946
4685,947
4686,948
4687,949
4688,950
4689,951
4690,952
4691,953
4692,954
4693,955
4694,956
4695,957
4696,958
4697,959
4698,960
4699,961
4700,962
4701,963
4702,964
4703,965
4704,966
4705,967
4706,968
4707,969
4708,970
4709,971
4710,972
4711,973
4712,974
4713,975
4714,976
4715,977
4716,978
4717,979
4718,980
4719,981
4720,982
4721,983
4722,984
4723,985
4724,986
4725,987
4726,988
4727,989
4728,990
4729,991
4730,992
4731,993
4732,994
4733,995
4734,996
4735,997
4736,998
4737,999
4738,1000
4739,1001
4740,1002
4741,1003
4742,1004
4743,1005
4744,1006
4745,1007
4746,1008
4747,1009
4748,1010
4749,1011
4750,1012
4751,1013
4752,1014
4753,1015
4754,1016
4755,1017
4756,1018
4757,1019
4758,1020
4759,1021
4760,1022
4761,1023
4762,1024
4763,1025
4764,1026
4765,1027
4766,1028
4767,1029
4768,1030
4769,1031
4770,1032
4771,1033
4772,1034
4773,1035
4774,1036
4775,1037
4776,1038
4777,1039
4778,1040
4779,1041
4780,1042
4781,1043
4782,1044
4783,1045
4784,1046
4785,1047
4786,1048
4787,1049
4788,1050
4789,1051
4790,1052
4791,1053
4792,1054
4793,1055
4794,1056
4795,1057
4796,1610
4797,1611
4798,1612
4799,1613
4800,1614
4801,1615
4802,1616
4803,1617
4804,1618
4805,1619
4806,1620
4807,1621
4808,1622
4809,1623
4810,1624
4811,1625
4812,1626
4813,1627
4814,1628
4815,1629
4816,1630
4817,1631
4818,1632
4819,1633
4820,1634
4821,1635
4822,1636
4823,1637
4824,1638
4825,1639
4826,1640
4827,1641
4828,1642
4829,1643
4830,1644
4831,1645
4832,1646
4833,1647
4834,1648
4835,1649
4836,1650
4837,1651
4838,1652
4839,1653
4840,1654
4841,1655
4842,1656
4843,1657
4844,1658
4845,1659
4846,1660
4847,1661
4848,1662
4849,1663
4850,1664
4851,1665
4852,1666
4853,1667
4854,1668
4855,1669
4856,1670
4857,1671
4858,1672
4859,1673
4860,1674
4861,1675
4862,1676
4863,1677
4864,1678
4865,1679
4866,1680
4867,1681
4868,1682
4869,1683
4870,1684
4871,1685
4872,1686
4873,1687
4874,1688
4875,1689
4876,1690
4877,1691
4878,1692
4879,1693
4880,1694
4881,1695
4882,1696
4883,1697
4884,1698
4885,1699
4886,1700
4887,1701
4888,1702
4889,1703
4890,1704
4891,1705
4892,1706
4893,1707
4894,1708
4895,1709
4896,1710
4897,1711
4898,1712
4899,1713
4900,1714
4901,1715
4902,1716
4903,1717
4904,1718
4905,1719
4906,1720
4907,1721
4908,1722
4909,1723
4910,1724
4911,1725
4912,1726
4913,1727
4914,1728
4915,1729
4916,1730
4917,1731
4918,1732
4919,1733
4920,1058
4921,1059
4922,1060
4923,1061
4924,1062
4925,1063
4926,1064
4927,1065
4928,1066
4929,1067
4930,1068
4931,1069
4932,1070
4933,1071
4934,1072
4935,1073
4936,1074
4937,1075
4938,1076
4939,1077
4940,1078
4941,1079
4942,1080
4943,1081
4944,1082
4945,1083
4946,1084
4947,1085
4948,1086
4949,1087
4950,1088
4951,1089
4952,1090
4953,2227
4954,2228
4955,2229
4956,2230
4957,2231
4958,2232
4959,2233
4960,2234
4961,2235
4962,2236
4963,2237
4964,2238
4965,2239
4966,2240
4967,2241
4968,2242
4969,2243
4970,2244
4971,2245
4972,2246
4973,2247
4974,2248
4975,2249
4976,2250
4977,2251
4978,2252
4979,2253
4980,2254
4981,2255
4982,2256
4983,2257
4984,2258
4985,2259
4986,2260
4987,2261
4988,2262
4989,2263
4990,2264
4991,2265
4992,2266
4993,2267
4994,2268
4995,2269
4996,2270
4997,2271
4998,2272
4999,2273
5000,2274
5001,2275
5002,2276
5003,2277
5004,2278
5005,2279
5006,2280
5007,2281
5008,2282
5009,2283
5010,2284
5011,2285
5012,2286
5013,2287
5014,2288
5015,2289
5016,2290
5017,2291
5018,2292
5019,2293
5020,2294
5021,2295
5022,2296
5023,2297
5024,2298
5025,2299
5026,2300
5027,2301
5028,2302
5029,2303
5030,2304
5031,2305
5032,2306
5033,2307
5034,2308
5035,2309
5036,2310
5037,2311
5038,2312
5039,2313
5040,2314
5041,2315
5042,2316
5043,2317
5044,2318
5045,2319
5046,2320
5047,2321
5048,2322
5049,2323
5050,2324
5051,2325
5052,2326
5053,2327
5054,2328
5055,2329
5056,2330
5057,2331
5058,2332
5059,2333
5060,2334
5061,2335
5062,2336
5063,2337
5064,2338
5065,2339
5066,2340
5067,2341
5068,2342
5069,2343
5070,2344
5071,2345
5072,2346
5073,2347
5074,2348
5075,2349
5076,2350
5077,2351
5078,2352
5079,2353
5080,2354
5081,2355
5082,2356
5083,2357
5084,2358
5085,2359
5086,2360
5087,2361
5088,2362
5089,2363
5090,2364
5091,2365
5092,2366
5093,2367
5094,2368
5095,2369
5096,2370
5097,2371
5098,2372
5099,2373
5100,2374
5101,2375
5102,2376
5103,2377
5104,2378
5105,2379
5106,2380
5107,2381
5108,2382
5109,2383
5110,2384
5111,2385
5112,2386
5113,2387
5114,2388
5115,2389
5116,2390
5117,2391
5118,2392
5119,2393
5120,2394
5121,2395
5122,2396
5123,2397
5124,2398
5125,2399
5126,2400
5127,2401
5128,2402
5129,2403
5130,2404
5131,2405
5132,2406
5133,2407
5134,2408
5135,2409
5136,2410
5137,2411
5138,1734
5139,1735
5140,1736
5141,1737
5142,1738
5143,1739
5144,1740
5145,1741
5146,1742
5147,1743
5148,1744
5149,1745
5150,1746
5151,1747
5152,1748
5153,1749
5154,1750
5155,1751
5156,1752
5157,1753
5158,1754
5159,1755
5160,1756
5161,1757
5162,1758
5163,1759
5164,1760
5165,1761
5166,1762
5167,1763
5168,1764
5169,1765
5170,1766
5171,1767
5172,1768
5173,1769
5174,1770
5175,1771
5176,1772
5177,1773
5178,1774
5179,1775
5180,1776
5181,1777
5182,1778
5183,1779
5184,1780
5185,1781
5186,1782
5187,1783
5188,1784
5189,1785
5190,1786
5191,1787
5192,1788
5193,1789
5194,1790
5195,1791
5196,1792
5197,1793
5198,1794
5199,1795
5200,1796
5201,1797
5202,1798
5203,1799
5204,1800
5205,1801
5206,1802
5207,1803
5208,1804
5209,1805
5210,1806
5211,1807
5212,1808
5213,1809
5214,1810
5215,1811
5216,1812
5217,1813
5218,1814
5219,1815
5220,1816
5221,1817
5222,1818
5223,1819
5224,1820
5225,1821
5226,1822
5227,1823
5228,1824
5229,1825
5230,1826
5231,1827
5232,1828
5233,1829
5234,1830
5235,1831
5236,1832
5237,1833
5238,1834
5239,1835
5240,1836
5241,1837
5242,1838
5243,1839
5244,1840
5245,1841
5246,1842
5247,1843
5248,1844
5249,1845
5250,1846
5251,1847
5252,1848
5253,1849
5254,1850
5255,1851
5256,1852
5257,1853
5258,1854
5259,1855
5260,1856
5261,1857
5262,1858
5263,1859
5264,1860
5265,1861
5266,1862
5267,1863
5268,1864
5269,1865
5270,1866
5271,1867
5272,1868
5273,1869
5274,1870
5275,1871
5276,1872
5277,1873
5278,1874
5279,28
5280,28
5281,28
5282,28
5283,0
5284,0
5285,1
5286,1
5287,2
5288,3
5289,28
5290,28
5291,28
5292,2
5293,29
5294,30
5295,31
5296,32
5297,33
5298,34
5299,35
5300,36
5301,37
5302,38
5303,39
5304,40
5305,41
5306,42
5307,43
5308,44
5309,45
5310,46
5311,47
5312,48
5313,49
5314,50
5315,51
5316,52
5317,53
5318,54
5319,55
5320,56
5321,57
5322,58
5323,59
5324,60
5325,61
5326,62
5327,63
5328,64
5329,65
5330,66
5331,67
5332,68
5333,69
5334,70
5335,71
5336,72
5337,73
5338,74
5339,75
5340,76
5341,77
5342,78
5343,79
5344,80
5345,81
5346,82
5347,83
5348,84
5349,85
5350,86
5351,87
5352,88
5353,89
5354,90
5355,91
5356,92
5357,93
5358,94
5359,95
5360,96
5361,97
5362,98
5363,99
5364,100
5365,101
5366,102
5367,103
5368,104
5369,105
5370,106
5371,107
5372,108
5373,109
5374,110
5375,111
5376,112
5377,113
5378,114
5379,115
5380,116
5381,117
5382,118
5383,119
5384,120
5385,121
5386,122
5387,123
5388,124
5389,125
5390,126
5391,127
5392,128
5393,129
5394,130
5395,131
5396,132
5397,133
5398,134
5399,135
5400,136
5401,137
5402,138
5403,139
5404,140
5405,141
5406,142
5407,143
5408,144
5409,145
5410,146
5411,147
5412,148
5413,149
5414,150
5415,151
5416,152
5417,153
5418,154
5419,155
5420,156
5421,157
5422,158
5423,159
5424,160
5425,161
5426,162
5427,163
5428,164
5429,165
5430,166
5431,167
5432,168
5433,169
5434,170
5435,171
5436,172
5437,173
5438,174
5439,175
5440,176
5441,177
5442,178
5443,179
5444,180
5445,181
5446,182
5447,183
5448,184
5449,185
5450,186
5451,187
5452,188
5453,189
5454,190
5455,191
5456,192
5457,193
5458,194
5459,195
5460,196
5461,197
5462,198
5463,199
5464,200
5465,201
5466,202
5467,203
5468,204
5469,205
5470,206
5471,207
5472,208
5473,209
5474,210
5475,211
5476,212
5477,213
5478,214
5479,215
5480,216
5481,217
5482,218
5483,219
5484,220
5485,221
5486,222
5487,223
5488,224
5489,225
5490,226
5491,227
5492,228
5493,229
5494,230
5495,231
5496,232
5497,233
5498,234
5499,235
5500,236
5501,237
5502,238
5503,239
5504,240
5505,241
5506,242
5507,243
5508,244
5509,245
5510,246
5511,247
5512,248
5513,249
5514,250
5515,251
5516,252
5517,253
5518,254
5519,255
5520,256
5521,257
5522,258
5523,259
5524,260
5525,261
5526,262
5527,263
5528,264
5529,265
5530,266
5531,267
5532,268
5533,269
5534,270
5535,271
5536,272
5537,273
5538,274
5539,275
5540,276
5541,277
5542,278
5543,279
5544,280
5545,281
5546,282
5547,283
5548,284
5549,285
5550,286
5551,287
5552,288
5553,289
5554,290
5555,291
5556,292
5557,293
5558,294
5559,295
5560,296
5561,297
5562,298
5563,299
5564,300
5565,301
5566,302
5567,303
5568,304
5569,305
5570,306
5571,307
5572,308
5573,309
5574,310
5575,311
5576,312
5577,313
5578,314
5579,315
5580,316
5581,317
5582,318
5583,319
5584,320
5585,321
5586,322
5587,323
5588,324
5589,325
5590,326
5591,327
5592,328
5593,329
5594,330
5595,331
5596,332
5597,333
5598,334
5599,335
5600,336
5601,337
5602,338
5603,339
5604,340
5605,341
5606,342
5607,343
5608,344
5609,345
5610,346
5611,347
5612,348
5613,349
5614,350
5615,351
5616,352
5617,353
5618,354
5619,355
5620,356
5621,357
5622,358
5623,359
5624,360
5625,361
5626,362
5627,363
5628,364
5629,365
5630,366
5631,367
5632,368
5633,369
5634,370
5635,371
5636,372
5637,373
5638,374
5639,375
5640,376
5641,377
5642,378
5643,379
5644,380
5645,381
5646,382
5647,383
5648,384
5649,385
5650,386
5651,387
5652,388
5653,389
5654,390
5655,391
5656,392
5657,393
5658,394
5659,395
5660,396
5661,397
5662,398
5663,399
5664,400
5665,401
5666,402
5667,403
5668,404
5669,405
5670,406
5671,407
5672,408
5673,409
5674,410
5675,411
5676,412
5677,413
5678,414
5679,415
5680,416
5681,417
5682,418
5683,419
5684,420
5685,421
5686,422
5687,423
5688,424
5689,425
5690,426
5691,427
5692,428
5693,429
5694,430
5695,431
5696,432
5697,433
5698,434
5699,435
5700,436
5701,437
5702,438
5703,439
5704,440
5705,441
5706,442
5707,443
5708,444
5709,445
5710,446
5711,447
5712,448
5713,449
5714,450
5715,451
5716,452
5717,453
5718,454
5719,455
5720,456
5721,457
5722,458
5723,459
5724,460
5725,461
5726,462
5727,463
5728,464
5729,465
5730,466
5731,467
5732,468
5733,469
5734,470
5735,471
5736,472
5737,473
5738,474
5739,475
5740,476
5741,477
5742,478
5743,479
5744,480
5745,481
5746,482
5747,483
5748,484
5749,485
5750,486
5751,487
5752,488
5753,489
5754,490
5755,491
5756,492
5757,493
5758,494
5759,495
5760,496
5761,497
5762,498
5763,499
5764,500
5765,501
5766,502
5767,503
5768,504
5769,505
5770,506
5771,507
5772,508
5773,509
5774,510
5775,511
5776,512
5777,513
5778,514
5779,515
5780,516
5781,517
5782,518
5783,519
5784,520
5785,521
5786,522
5787,523
5788,524
5789,525
5790,526
5791,527
5792,528
5793,529
5794,530
5795,531
5796,532
5797,533
5798,534
5799,535
5800,536
5801,537
5802,538
5803,0
5804,539
5805,540
5806,541
5807,542
5808,543
5809,544
5810,545
5811,546
5812,547
5813,548
5814,549
5815,550
5816,551
5817,552
5818,553
5819,554
5820,555
5821,556
5822,557
5823,558
5824,559
5825,560
5826,561
5827,562
5828,563
5829,564
5830,565
5831,566
5832,567
5833,568
5834,569
5835,570
5836,571
5837,572
5838,573
5839,574
5840,575
5841,576
5842,577
5843,578
5844,579
5845,580
5846,581
5847,582
5848,583
5849,584
5850,585
5851,586
5852,587
5853,588
5854,589
5855,590
5856,591
5857,592
5858,593
5859,594
5860,595
5861,596
5862,597
5863,598
5864,599
5865,600
5866,601
5867,602
5868,603
5869,604
5870,605
5871,606
5872,607
5873,608
5874,609
5875,610
5876,611
5877,612
5878,613
5879,614
5880,615
5881,616
5882,617
5883,618
5884,619
5885,620
5886,621
5887,622
5888,623
5889,624
5890,625
5891,626
5892,627
5893,628
5894,628
5895,628
5896,28
5897,628
5898,2412
5899,2413
5900,2414
5901,2415
5902,2416
5903,2417
5904,2418
5905,2419
5906,2420
5907,2421
5908,2422
5909,2423
5910,2424
5911,2425
5912,2426
5913,2427
5914,2428
5915,2429
5916,2430
5917,2431
5918,2432
5919,2433
5920,2434
5921,2435
5922,2436
5923,2437
5924,2438
5925,2439
5926,2440
5927,2441
5928,2442
5929,2443
5930,2444
5931,2445
5932,2446
5933,2447
5934,2448
5935,2449
5936,2450
5937,2451
5938,2452
5939,2453
5940,2454
5941,2455
5942,2456
5943,2457
5944,2458
5945,2459
5946,2460
5947,2461
5948,2462
5949,2463
5950,2464
5951,2465
5952,2466
5953,2467
5954,2468
5955,2469
5956,2470
5957,2471
5958,2472
5959,2473
5960,2474
5961,2475
5962,2476
5963,2477
5964,2478
5965,2479
5966,2480
5967,2481
5968,2482
5969,2483
5970,2484
5971,2485
5972,2486
5973,2487
5974,2488
5975,2489
5976,2490
5977,2491
5978,2492
5979,2493
5980,2494
5981,2495
5982,2496
5983,2497
5984,2498
5985,2499
5986,2500
5987,2501
5988,2502
5989,2503
5990,2504
5991,2505
5992,2506
5993,2507
5994,2508
5995,2509
5996,2510
5997,2511
5998,2512
5999,2513
6000,2514
6001,2515
6002,2516
6003,2517
6004,2518
6005,2519
6006,2520
6007,2521
6008,2522
6009,2523
6010,2524
6011,2525
6012,2526
6013,2527
6014,2528
